1707.49925054101
1591.81858470438
1843.01795952279
1818.40158073374
1649.00385728637
1549.91244181621
1480.40925197524
1404.79515236130
1294.83883872055
1190.19233871118
1098.89334509512
1020.63257918133
955.310436083033
895.098324493430
845.032583305629
2159.15298984097
2604.52572006773
2744.38319618045
2079.90839217888
1295.27893515886
721.316412059672
678.560320894942
585.468047029783
552.515715061453
351.278809837611
222.196361391577
135.575626448313
152.948209598039
187.210438312341
158.382650588721
2386.22117533826
3246.26158020863
2438.29105632849
1783.38755863839
1320.18683638047
817.545199222254
681.929448132629
349.307912830820
475.072168871283
359.431951973800
200.374031154668
82.5672947590184
135.270271066512
212.120774747548
191.690377086131
2474.87928633808
2690.22526573859
2487.66682878654
1848.56628154587
1165.14234912543
1001.48940328556
761.113921321788
519.644702663251
486.116294703212
502.862447275083
225.399814944952
105.581338893880
164.097017224007
191.470394386057
239.139167515689
2341.23071706514
1795.46008095652
2277.69956445069
1573.86422755268
1287.71895991403
1023.87562694131
850.022080562450
650.658039407772
474.082024556784
481.342003859349
328.260021402732
201.212491511032
230.214868428587
257.449571868868
269.219286818523
2096.27072973952
1038.61328647586
1493.90912108675
1764.21476664068
1685.68110475296
1211.04313524927
992.618797059076
647.190593965074
421.174542022387
405.632192997534
325.747315893075
237.202500001520
229.646451814418
380.395333003430
325.856370407410
1891.84311810720
868.785708618096
969.723864002599
1227.68110408560
1355.95080679096
890.103057427729
1021.31287105572
804.485710160293
550.567585608458
504.595657128245
351.438334965024
300.202014803765
322.458798438138
350.332210424192
235.735620423602
1743.15418370392
710.591692150952
541.067501812061
509.061094592867
722.616980775436
700.105230046715
991.316966297149
1028.91970914300
598.452685470616
289.257344336734
232.170062742180
256.298077316118
272.927265119581
295.342265789537
233.378608139952
1586.43734927636
372.210607322590
498.945804642215
431.513479332445
455.717471787302
521.004448239461
795.719740476181
738.697655697420
528.859650459594
213.458978156034
143.163596461906
174.174691852930
211.500034546142
181.991041249693
195.605565147051
1456.26078077736
305.705072883733
514.653164204222
530.038649337314
430.305926382866
377.767707032127
355.114828758248
297.428668305857
300.231660409580
146.113136538079
98.7937740162435
134.472174079583
129.678449518480
117.251766683251
131.939004995419
1353.25534215775
452.374711261437
721.649817274993
587.126809191979
361.796482339662
317.998612567532
243.172940549114
271.901747716561
184.029136069384
99.0830879243112
85.7841031396889
85.0202608743790
77.3401839998260
82.0107332660832
79.9903040864834
1277.26106725814
685.700416421775
678.437514695209
437.896228924544
249.348600999566
187.806186061155
225.964032115721
212.799967077279
168.072603880019
125.584710170360
94.3454534120588
82.6316136752863
72.8733898843377
71.3607666923820
59.0458888948374
1198.58946423328
473.114482024966
458.145821257388
485.885471635657
295.015427957078
171.641373440144
174.942549852672
127.874689886847
109.335170863940
115.112424724990
121.850979460838
89.3769625560186
69.2376565140874
81.7187757465723
52.9263712892294
1129.55376325388
346.598811794778
312.701932135539
372.236145886617
342.695131948979
225.840100437942
218.981022438316
136.512605121998
74.1896570722544
78.2581719325882
89.9189551199644
82.2441997951414
66.2590385051709
69.9835798852101
53.6390658727653
1075.40876371379
373.073747794774
217.880143792591
213.830872707204
229.813111680905
258.228667217068
260.910168791313
174.429329138639
70.7241786010083
72.3733765740341
111.126705769489
106.120856028070
56.3271182739717
43.5873750084323
56.6896368246802

